Цель:
Купить_смартфон
Критерии:
Цена Разрешение_экрана Процессор Память Батарея
Альтернативы:
Смартфон_1 Смартфон_2 Смартфон_3
Матрица критериев:
1.000 3.000 1.000 0.500 5.000
0.333 1.000 0.250 0.143 2.000
1.000 4.000 1.000 1.000 6.000
2.000 7.000 1.000 1.000 8.000
0.200 0.500 0.167 0.125 1.000
Матрица альтернатив:
1.000 4.000 0.500
0.250 1.000 0.200
2.000 5.000 1.000
Матрица альтернатив:
1.000 0.500 3.000
2.000 1.000 4.000
0.333 0.250 1.000
Матрица альтернатив:
1.000 1.000 2.000
1.000 1.000 3.000
0.500 0.333 1.000
Матрица альтернатив:
1.000 0.333 4.000
3.000 1.000 5.000
0.250 0.200 1.000
Матрица альтернатив:
1.000 2.000 0.200
0.500 1.000 0.167
5.000 6.000 1.000
